LSM_STATE Time : 4838
version number : 2
7,0,1,14,3758096384,251111915
LSM_STATE Time : 5847
version number : 3
9,0,1,11,2952790016,251173823
7,0,1,14,3758096384,251111915
LSM_STATE Time : 9672
version number : 4
12,0,1,17,268435456,251367246
9,0,1,11,2952790016,251173823
7,0,1,14,3758096384,251111915
LSM_STATE Time : 10681
version number : 5
14,0,1,16,0,250798195
12,0,1,17,268435456,251367246
9,0,1,11,2952790016,251173823
7,0,1,14,3758096384,251111915
LSM_STATE Time : 14590
version number : 6
16,0,1,19,805306368,250897482
14,0,1,16,0,250798195
12,0,1,17,268435456,251367246
9,0,1,11,2952790016,251173823
7,0,1,14,3758096384,251111915
LSM_STATE Time : 15666
version number : 7
18,0,1,18,536870912,251340199
16,0,1,19,805306368,250897482
14,0,1,16,0,250798195
12,0,1,17,268435456,251367246
9,0,1,11,2952790016,251173823
7,0,1,14,3758096384,251111915
LSM_STATE Time : 19516
version number : 8
21,0,1,21,1342177280,250964328
18,0,1,18,536870912,251340199
16,0,1,19,805306368,250897482
14,0,1,16,0,250798195
12,0,1,17,268435456,251367246
9,0,1,11,2952790016,251173823
7,0,1,14,3758096384,251111915
LSM_STATE Time : 20609
version number : 9
23,0,1,20,1073741824,251036845
21,0,1,21,1342177280,250964328
18,0,1,18,536870912,251340199
16,0,1,19,805306368,250897482
14,0,1,16,0,250798195
12,0,1,17,268435456,251367246
9,0,1,11,2952790016,251173823
7,0,1,14,3758096384,251111915
LSM_STATE Time : 24660
version number : 9
23,0,1,20,1073741824,251036845
21,0,1,21,1342177280,250964328
18,0,1,18,536870912,251340199
16,0,1,19,805306368,250897482
14,0,1,16,0,250798195
12,0,1,17,268435456,251367246
9,0,1,11,2952790016,251173823
7,0,1,14,3758096384,251111915
LSM_STATE Time : 25785
version number : 9
23,0,1,20,1073741824,251036845
21,0,1,21,1342177280,250964328
18,0,1,18,536870912,251340199
16,0,1,19,805306368,250897482
14,0,1,16,0,250798195
12,0,1,17,268435456,251367246
9,0,1,11,2952790016,251173823
7,0,1,14,3758096384,251111915
