copied-data 29933535232
GC-COUNT 1
INVAL-COUNT
0.999745 1
0.749291 1
0.672516 1
0.000011 16
0.000009 1
0.749292 3
0.000038 2
0.000053 1
0.000010 15
0.749277 3
0.000000 2
0.000037 1
0.000040 5
0.945956 1
0.446960 1
0.000044 1
0.000042 3
0.000039 2
0.550212 1
0.749293 13
0.423045 1
0.143123 1
0.421932 1
0.000035 5
0.749294 15
0.000036 2
0.000032 3
0.343322 1
0.000005 1
0.000043 12
0.337969 1
0.000026 2
0.000007 1
0.337959 1
0.337957 1
0.273031 1
0.064984 1
0.841056 1
0.092984 1
0.245023 1
0.000030 1
0.337968 1
0.667369 1
0.180071 1
0.048686 1
0.250717 1
0.000054 1
0.000021 1
0.000034 2
0.186085 1
0.000530 1
0.000013 1
0.000012 1
0.000029 1
0.481383 1
0.250744 1
0.250745 1
0.000046 1
0.000031 1
0.284191 1
0.000016 1
0.689267 1
0.000041 1
LIFETIME-COUNT
0 2
4 116
3 33


copied-data 22713208832
GC-COUNT 2
INVAL-COUNT
0.000042 14
0.000029 1
0.000012 1
0.000000 25
0.000020 1
0.030481 1
0.171467 1
0.374926 1
0.250717 7
0.749283 22
0.371515 1
0.292236 1
0.495697 1
0.501434 1
0.265060 1
0.130981 1
0.696289 1
0.534348 1
0.445572 1
0.557297 1
0.530121 1
0.684814 1
0.708374 1
0.713516 1
0.749268 1
0.000035 4
0.594009 1
0.337936 1
0.709320 1
0.127182 1
0.422668 1
0.673340 1
0.244980 1
0.265320 1
0.092957 1
0.000076 1
0.999527 1
0.000041 2
0.526901 1
0.000038 2
0.577286 1
0.108246 1
0.652969 1
0.002869 1
0.247849 1
0.392517 1
0.498566 1
0.518921 1
0.233231 1
0.268204 1
0.820160 1
0.159195 1
0.326965 1
0.248230 1
0.000037 2
0.204926 1
0.000011 1
1.000000 1
0.749292 1
0.005531 1
0.000043 5
0.000032 2
0.028804 1
0.000034 2
0.098889 1
0.171374 1
0.041051 1
0.214593 1
0.236437 1
0.038399 1
0.031385 1
0.170504 1
0.012968 1
0.999632 1
0.841056 1
LIFETIME-COUNT
4 106
3 21
0 2
5 22


copied-data 21692252160
GC-COUNT 2
INVAL-COUNT
1.000000 2
0.509979 1
0.023605 1
0.239243 1
0.000000 16
0.527344 1
0.511322 1
0.237885 1
0.661026 1
0.714127 1
0.644836 1
0.690552 1
0.440430 1
0.749283 33
0.736374 1
0.668930 1
0.652969 1
0.462784 1
0.457657 1
0.608963 1
0.726410 1
0.594879 1
0.625626 1
0.371506 1
0.583847 1
0.356094 1
0.498566 1
0.030732 1
0.000030 2
0.000007 1
0.000037 1
0.000025 1
0.000001 1
0.000032 2
0.000021 2
0.013620 1
0.250738 1
0.293735 1
0.000023 1
0.042486 1
0.000011 1
0.043338 1
0.000028 1
0.247869 1
0.007387 1
0.029785 1
0.024127 1
0.245470 1
0.000043 2
0.250717 4
0.198975 1
0.122635 1
0.393021 1
0.494766 1
0.251770 1
0.020172 1
0.483566 1
0.285797 1
0.195465 1
0.530777 1
0.018814 1
0.231903 1
0.501434 1
0.474960 1
0.026474 1
0.694031 1
0.999985 1
0.000031 2
0.250735 1
0.000026 1
0.509989 1
0.051743 1
0.239304 1
0.325989 1
0.259262 1
0.118744 1
0.749293 1
0.808757 1
0.746435 1
0.339041 1
0.428602 1
0.311642 1
0.496180 1
0.131496 1
0.002350 1
0.000038 1
0.044462 1
0.031664 1
0.126453 1
0.344124 1
0.920746 1
0.439835 1
0.285865 1
0.446182 1
0.999516 1
LIFETIME-COUNT
5 62
3 1
4 86
0 2
TOTAL-COPIED-WHILE-GC 129196785664


